1034114,300,512,512,101,283,120,117,311,148,0
1149150,600,512,512,137,300,112,180,331,140,0
1217803,700,512,512,198,307,135,283,333,159,0 221,263,118,270,285,134,0
1366033,221,512,512,109,212,129,121,253,159,0
1473397,349,512,512,139,326,142,154,363,176,0
1475749,237,512,512,160,225,92,172,250,114,0 61,308,158,71,325,179,0
1478422_1,233,512,512,60,196,332,83,237,359,0 108,269,369,115,283,384,0
1478422_2,233,512,512,63,198,154,78,213,174,0
1579081,257,512,512,36,190,182,59,236,238,0
1590754,225,512,512,97,169,152,109,193,186,0
1625050,237,512,512,82,224,71,95,260,112,0 89,191,63,115,226,117,0 127,313,172,136,332,196,0
1635789,550,512,512,139,230,300,225,271,334,0
1653527,257,512,512,77,329,196,86,354,226,0
1817544,690,512,512,93,329,150,127,355,179,0
1859192,297,512,512,64,304,358,74,322,379,0
1873390,680,512,512,377,360,174,414,372,193,0
1920762,357,512,512,177,338,331,217,398,398,0
1926851,316,512,512,46,263,127,64,285,153,0
1960825,337,512,512,92,290,144,125,333,204,0
1971201,237,512,512,114,168,115,136,218,166,0 123,204,110,134,221,122,0 54,286,122,65,305,138,0
1993235,670,512,512,101,303,295,196,345,357,0
2238498,273,512,512,77,328,296,87,351,328,0
2249100,426,512,512,185,285,303,205,308,340,0
2367589,253,512,512,78,282,107,142,361,229,0
2444641,620,512,512,77,170,305,182,255,364,0
2535872,500,512,512,215,270,327,371,368,407,0
2679447,680,512,512,175,195,287,263,230,307,0 520,348,345,563,379,375,0
2686383,277,512,512,51,276,128,71,307,167,0
2696928,347,512,512,144,261,107,187,324,185,0
2780590,800,512,512,223,270,126,280,318,182,0
2956967,600,512,512,60,304,298,138,337,329,0
2975263,670,512,512,167,325,350,232,361,387,0
2985091,660,512,512,166,188,293,268,257,357,0
3000260,660,512,512,350,218,114,409,258,153,0
3234749,201,512,512,12,214,179,74,285,245,0 105,319,191,120,352,238,0
3278546,700,512,512,78,307,205,132,331,229,0
3314483,249,512,512,65,301,132,81,352,189,0
3356855,273,512,512,85,252,399,96,274,420,0
3553740,133,512,512,31,264,147,54,342,220,0
3573063,810,512,512,536,350,379,589,372,395,0
3651048,297,512,512,47,286,384,79,337,422,0
3653595,680,512,512,370,176,194,396,192,218,0 372,293,117,403,318,140,0
3721632,341,512,512,172,356,313,187,384,345,0
3727568,213,512,512,89,290,175,166,353,250,0
3743640,720,512,512,296,238,362,328,277,402,0
3752095,273,512,512,75,254,113,101,313,180,0 119,305,216,132,330,240,0
3799182,657,512,512,319,273,308,567,385,409,0
3883959,800,512,512,391,167,142,440,207,186,0 383,300,102,487,369,198,0
3890586,670,512,512,80,226,168,194,275,228,0
3895537,281,512,512,139,319,310,154,347,347,0
3906421,261,512,512,35,270,294,100,333,385,0
3983497,620,512,512,318,317,114,384,364,171,0
3998615,650,512,512,346,326,322,399,355,350,0
4013088,205,512,512,50,277,147,77,348,221,0
4132811,291,512,512,157,236,132,184,292,187,0
4160135,282,512,512,103,210,393,112,240,419,0
4179186,305,512,512,156,271,99,198,381,223,0
4200935,209,512,512,17,249,148,26,277,181,0
4224769,690,512,512,472,337,205,498,365,239,0
4400332,201,512,512,22,297,182,33,331,209,0 63,251,377,77,283,403,0
4407626,265,512,512,190,336,345,201,358,366,0
4455143,640,512,512,111,315,131,184,352,165,0 368,173,155,388,189,176,0 494,258,391,535,284,410,0
4559741,700,512,512,25,206,146,179,274,198,0
4660817,690,512,512,82,223,367,132,278,410,0
4777763,353,512,512,124,293,218,136,319,238,0
4836034,333,512,512,116,264,105,142,296,147,0
4882527,249,512,512,90,290,203,97,316,221,0
4883105,550,512,512,231,309,380,280,336,404,0
4911015,317,512,512,88,235,124,99,263,141,0 193,214,106,205,234,134,0
4933793,750,512,512,149,237,286,212,271,313,0
4963031,201,512,512,36,263,102,62,310,159,0
4987640,590,512,512,213,305,343,267,339,373,0
5087317,840,512,512,406,327,89,430,353,119,0
5123559,750,512,512,209,283,123,295,320,150,0 447,171,126,494,205,168,0
5131277,600,512,512,431,271,322,579,339,405,0
5244793,570,512,512,335,307,140,492,369,213,0
5344417,710,512,512,103,296,348,129,321,375,0
5365528,181,512,512,78,239,94,105,287,153,0
5441747,277,512,512,52,215,222,75,250,258,0
5637825,241,512,512,101,334,295,120,375,345,0
5820450,700,512,512,214,294,367,248,331,399,0
5833331,760,512,512,345,212,161,448,264,207,0
5837918,700,512,512,130,294,135,166,324,164,0
5848709,289,512,512,67,222,311,114,287,377,0
5886495,237,512,512,105,272,147,116,294,184,0
5965537,233,512,512,13,145,101,101,291,242,0
5978880,680,512,512,400,363,123,458,399,175,0
5988651,333,512,512,81,298,135,93,332,165,0
6028502,600,512,512,237,250,109,327,309,158,0
6105105,670,512,512,534,335,313,592,362,355,0
6119644,790,512,512,78,225,207,229,297,264,0 285,186,375,329,229,407,0
6297094,630,512,512,362,164,355,431,212,385,0
6642862,645,512,512,339,297,192,396,335,240,0
6743204,269,512,512,76,164,116,104,218,171,0
6761041,700,512,512,447,217,375,481,252,400,0
6769501,319,512,512,43,303,179,60,333,212,0
6798608,221,512,512,2,234,290,39,316,376,0
6827092,275,512,512,95,286,134,110,328,187,0 151,306,145,184,350,204,0
6850589,581,512,512,188,242,118,497,393,247,0
6876380,560,512,512,197,331,177,247,369,214,0
6888250,780,512,512,121,312,315,283,383,396,0
6907074,201,512,512,66,281,95,81,318,128,0
6931602,740,512,512,117,283,310,260,344,363,0
6935067,560,512,512,366,302,337,479,367,391,0
6985786,760,512,512,144,274,177,285,354,235,0
6993538,178,512,512,133,335,107,172,412,233,0 57,317,105,69,356,144,0
7144100,282,512,512,93,176,332,119,215,379,0
7222232,201,512,512,38,219,137,70,287,199,0
7464090,299,512,512,188,286,104,231,331,151,0
7472113,277,512,512,48,234,343,68,281,379,0
7475968,550,512,512,307,191,182,396,251,241,0
7613937,660,512,512,137,235,133,251,305,197,0
7731475,289,512,512,156,234,385,169,280,417,0
7825080,289,512,512,121,233,100,152,290,180,0 157,241,77,199,304,135,0
7833811,297,512,512,126,198,81,222,320,238,0
7916675,650,512,512,194,195,148,238,226,188,0
7919461,265,512,512,105,169,105,121,205,148,0
7924536,650,512,512,190,336,158,235,371,186,0
7947501,770,512,512,284,321,291,431,393,371,0
7983066,680,512,512,192,251,134,262,301,181,0
8011577,241,512,512,138,325,323,153,367,361,0
8047877,221,512,512,55,311,108,85,361,160,0
8098838,610,512,512,260,306,338,309,337,374,0
8127926,305,512,512,37,244,199,56,271,239,0 194,271,145,206,300,186,0 117,299,110,140,338,153,0
8221492,293,512,512,123,321,100,148,367,149,0
8403419,590,512,512,116,275,149,176,322,177,0
8481967,480,512,512,129,190,99,205,233,147,0
8569241,237,512,512,78,293,364,104,337,412,0
8603637,221,512,512,95,300,334,115,337,373,0
8759679,640,512,512,129,320,313,162,353,341,0
8826486,201,512,512,39,203,322,59,252,369,0 119,314,345,138,350,382,0
8827993,241,512,512,149,314,362,163,350,401,0
8878343,253,512,512,95,247,138,113,275,180,0
8889816,201,512,512,19,264,172,44,323,227,0 68,229,112,93,280,164,0
8904496,600,512,512,217,293,122,275,331,157,0
8951661,650,512,512,442,354,317,465,378,337,0
8981495,293,512,512,77,255,167,99,292,211,0
8995025,150,512,512,44,221,117,67,267,160,0
9054543,670,512,512,126,281,340,201,325,389,0
9120617,237,512,512,116,313,121,135,344,159,0
9152506,233,512,512,63,263,129,73,293,151,0
9181599,740,512,512,426,312,365,454,344,396,0
9191612,269,512,512,69,323,122,84,359,163,0
9218386,700,512,512,198,333,298,239,367,332,0
9218796,670,512,512,393,190,372,572,265,466,0
9234491,300,512,512,160,351,167,187,385,201,0
9272793,205,512,512,50,219,318,86,341,397,0
9279455,391,512,512,29,268,148,68,312,193,0
9338077,261,512,512,200,288,390,214,322,422,0
9349383,329,512,512,128,206,81,142,235,109,0 121,315,326,155,364,383,0
9367809,690,512,512,73,241,165,165,283,211,0
9371334,600,512,512,243,247,89,289,285,135,0
9395108,289,512,512,33,205,117,64,259,177,0
9490432,241,512,512,14,314,177,29,344,215,0
9509916,680,512,512,330,243,118,388,286,169,0 409,301,187,464,340,219,0
9602727,233,512,512,87,245,393,111,286,435,0
9726147,229,512,512,76,315,368,99,355,399,0
9731301,257,512,512,88,300,213,103,327,251,0
9770669,790,512,512,51,256,152,263,331,235,0
9816827,237,512,512,76,325,339,90,358,374,0 33,239,356,48,265,379,0
9827574,249,512,512,67,235,113,79,266,141,0
9859820,301,512,512,188,310,307,213,352,351,0
9949981,491,512,512,90,296,136,171,349,194,0
9968926,233,512,512,116,285,84,133,336,132,0
10041358,345,512,512,132,343,166,149,388,210,0
10088126,305,512,512,148,309,143,166,350,183,0
10146286,297,512,512,132,252,321,174,353,450,0
10168332,640,512,512,372,350,82,525,428,227,0
10232551,720,512,512,137,265,373,176,299,400,0 313,229,363,340,264,387,0
10271531,580,512,512,58,245,142,178,301,194,0
10292325,217,512,512,56,297,197,88,351,262,0
10374874,620,512,512,410,204,327,481,236,370,0
10378435,500,512,512,-1,218,187,174,281,244,0
10388795,357,512,512,139,214,188,184,270,241,0
10439359,201,512,512,4,215,320,36,287,368,0
10532202,297,512,512,53,273,161,63,306,212,0
10588262,760,512,512,533,344,316,598,370,339,0
10634938,281,512,512,108,257,124,186,360,235,0
10708770,710,512,512,510,263,110,560,301,139,0
10755333,700,512,512,458,299,88,493,331,124,0
10821447,710,512,512,181,328,304,268,371,360,0
10848241,660,512,512,419,223,376,477,257,400,0
10853636,600,512,512,430,243,120,460,271,151,0
10873864,225,512,512,155,318,196,175,362,238,0
10885509,287,512,512,93,320,178,122,368,235,0
10980645,720,512,512,200,196,102,357,337,241,0
12046847,625,512,512,200,171,146,264,205,190,0
12052304,281,512,512,134,250,109,154,289,141,0
12104737,297,512,512,169,144,164,189,171,194,0
12108946,830,512,512,535,258,87,595,288,114,0
12117674,313,512,512,141,308,137,159,341,169,0
12135392,257,512,512,166,199,376,202,231,418,0
12184508,205,512,512,19,272,152,57,341,225,0
12224990,365,512,512,197,334,386,217,373,425,0
12230249,205,512,512,70,328,157,81,360,193,0
12255537,600,512,512,118,313,142,164,344,175,0
12275028,221,512,512,102,321,351,118,363,390,0
12282279,770,512,512,236,263,338,342,336,398,0
12311561,249,512,512,86,257,357,113,291,398,0
12481057,730,512,512,175,276,187,257,312,223,0
12556480,225,512,512,119,282,87,135,322,122,0
12941904,255,512,512,76,287,351,101,331,403,0
12948575,241,512,512,39,234,77,144,355,244,0
12990378,205,512,512,110,373,329,123,399,362,0
13049436,750,512,512,378,365,94,447,432,146,0
13068759,281,512,512,27,287,294,69,349,351,0
13121518,145,512,512,35,270,175,65,323,211,0
13153734,610,512,512,285,328,133,324,388,207,0 354,171,130,378,209,162,0
13163376,273,512,512,74,228,383,102,275,426,0 70,171,99,105,226,153,0 169,298,126,188,342,175,0
13180804,269,512,512,164,261,134,190,314,195,0
13214737,690,512,512,537,371,142,591,408,173,0
13240369,205,512,512,92,280,93,109,316,130,0
13255179,195,512,512,65,282,285,139,399,414,0
13255585,630,512,512,479,237,312,518,276,358,0
13378437,289,512,512,34,221,288,124,342,407,0
13422508,327,512,512,104,240,69,122,286,110,0
13441896,710,512,512,242,320,289,406,413,414,0
13445850,221,512,512,34,261,137,58,319,194,0
13453079,481,512,512,14,206,112,113,313,220,0 251,281,110,319,347,194,0
13457909,297,512,512,84,210,116,101,236,146,0 158,168,208,175,193,249,0 220,367,132,245,396,187,0 116,233,379,130,268,411,0
13501860,225,512,512,74,358,136,106,392,169,0
13559172,245,512,512,116,309,369,131,342,400,0 132,173,389,144,207,413,0
13564970,259,512,512,187,169,112,201,199,144,0
13613742,189,512,512,163,240,284,187,299,329,0
13658344,225,512,512,69,208,165,147,301,246,0
13716972,181,512,512,86,283,96,98,321,128,0
13721897,305,512,512,145,260,393,158,296,435,0
13750559,660,512,512,217,195,349,349,251,404,0 189,213,123,265,267,227,0
13767515,263,512,512,207,130,214,234,179,256,0
13825812,313,512,512,172,299,333,196,333,444,0
13850816,760,512,512,133,269,123,240,323,172,0 144,246,317,175,281,346,0
13926355,740,512,512,183,276,143,224,322,186,0
14041958,291,512,512,65,242,172,94,286,215,0
14047194,273,512,512,87,291,372,104,329,407,0
14063098,245,512,512,71,211,335,102,294,414,0
14080303,700,512,512,279,329,152,315,355,182,0 494,228,157,530,256,189,0 612,338,94,637,360,121,0
14089735,500,512,512,140,214,165,269,269,215,0
14116388,440,512,512,130,187,170,169,226,205,0
14189168,710,512,512,35,178,295,278,308,393,0
14263173,197,512,512,120,313,167,170,371,220,0
14269247,201,512,512,60,181,331,95,249,413,0
14289271,233,512,512,45,248,85,67,314,163,0
14308585,225,512,512,121,162,130,132,208,174,0
14325989,213,512,512,95,181,81,139,267,176,0
14337294,760,512,512,103,229,339,171,295,397,0
14450966,277,512,512,48,329,137,73,374,180,0
14484197,750,512,512,427,139,138,574,226,209,0
14552255,281,512,512,67,131,245,86,183,300,0
14580584,377,512,512,213,337,81,257,398,140,0
14621479,245,512,512,65,155,107,91,200,174,0
14638122,197,512,512,74,246,256,180,386,441,0
14681297,700,512,512,104,187,132,247,269,204,0
14752699,600,512,512,101,265,128,177,316,180,0
14820048,600,512,512,278,177,128,344,226,170,0
14823174,265,512,512,215,333,402,229,371,435,0 104,254,348,115,291,381,0
14823793,253,512,512,61,290,269,109,370,371,0
14966600,265,512,512,153,193,105,168,225,138,0
15000885,237,512,512,16,249,164,42,298,217,0
15019166,720,512,512,251,297,375,282,326,408,0
15023783,660,512,512,424,223,372,476,267,409,0
15053840,189,512,512,98,264,382,117,308,427,0
15083447,277,512,512,108,183,191,122,234,242,0
15179190,349,512,512,173,253,114,187,295,160,0
15211039,600,512,512,57,219,102,290,351,224,0
15219174,181,512,512,47,231,111,69,288,169,0
15232892,406,512,512,161,327,323,184,350,344,0
15252335,277,512,512,99,137,307,114,174,342,0
15287193,540,512,512,346,341,361,376,372,405,0
15302267,217,512,512,81,285,109,117,335,168,0
15387281,690,512,512,292,273,130,328,308,169,0
15388728,313,512,512,82,283,139,109,346,210,0
15422053,253,512,512,52,182,296,85,251,370,0
15448252,273,512,512,56,267,129,80,326,198,0
15460868,205,512,512,94,187,357,120,253,418,0
15528924,690,512,512,198,220,345,277,277,408,0
15529757_2,265,512,512,111,148,133,130,202,192,0
15529757_1,730,512,512,158,305,282,299,344,341,0
15534649,293,512,512,109,218,92,196,392,253,0
15599952,301,512,512,60,238,111,92,321,160,0
15620035,690,512,512,469,336,186,550,378,233,0
15645503,225,512,512,73,321,139,90,368,190,0 69,190,137,80,222,170,0
15665180,800,512,512,401,314,335,459,374,403,0
15720205,680,512,512,144,295,123,224,342,184,0
15740404,232,512,512,127,280,167,209,362,242,0
15776772,221,512,512,133,334,361,144,380,412,0 5,264,348,23,310,384,0
15801065,285,512,512,134,196,287,229,339,424,0
15853675,204,512,512,152,347,333,169,388,378,0
15913125,237,512,512,89,319,129,106,369,180,0
15925764,289,512,512,57,233,132,78,282,181,0
16013346,600,512,512,292,154,201,325,186,234,0 327,240,145,375,273,188,0 322,199,93,401,243,134,0
16030056,249,512,512,139,292,382,160,333,428,0
16084925,301,512,512,61,235,320,84,266,346,0
16164515,381,512,512,157,216,379,170,255,426,0
16178586,297,512,512,82,225,386,96,267,425,0
16181541,317,512,512,123,341,308,136,375,342,0
16210815,305,512,512,106,164,127,117,206,171,0
16271036,700,512,512,393,203,130,494,251,196,0
16361990,273,512,512,69,140,160,99,191,212,0
16373339,650,512,512,298,354,299,371,397,343,0
16452216,257,512,512,129,303,313,164,367,388,0
16462668,325,512,512,130,286,162,143,343,204,0 110,181,116,119,224,156,0
16557688,670,512,512,313,176,123,448,261,197,0
16565485,630,512,512,181,196,146,276,255,202,0
16614894,279,512,512,153,168,154,185,212,213,0
16616830,309,512,512,110,271,329,151,354,427,0
16695397,297,512,512,185,160,397,201,198,439,0
16798284,201,512,512,51,241,115,77,332,203,0
16844241,205,512,512,61,235,101,86,292,156,0
16846581,299,512,512,77,300,135,94,354,189,0
17036540,237,512,512,94,241,162,115,281,192,0
17091554,213,512,512,37,261,106,85,352,230,0
17115666,349,512,512,72,232,349,86,269,381,0
17161767,277,512,512,108,269,316,153,350,410,0
17204042,197,512,512,64,225,106,98,282,201,0
17224373,720,512,512,251,185,98,382,276,160,0
17236660,233,512,512,62,243,303,72,262,319,0
17342489,451,512,512,175,199,360,202,231,395,0
17352832,317,512,512,82,216,295,97,247,326,0 104,302,313,115,326,339,0
17472109,690,512,512,165,288,336,223,325,372,0
17495562,209,512,512,105,278,145,150,362,240,0
17504054,237,512,512,34,97,301,147,299,458,0
17525485,293,512,512,123,276,369,150,327,431,0
17599198,297,512,512,77,229,369,94,280,411,0
17661037,760,512,512,390,112,145,474,159,187,0
17708049,341,512,512,110,310,151,124,333,177,0
17772673,257,512,512,119,212,78,198,354,225,0
17785683,550,512,512,311,387,300,356,430,336,0
17797853,277,512,512,132,329,356,147,382,406,0
17817940,201,512,512,92,123,62,174,385,237,0
17905843,680,512,512,99,214,349,185,279,410,0
17935921,670,512,512,277,240,98,535,380,228,0
17963237,720,512,512,330,203,357,384,253,402,0
18024056,760,512,512,425,303,279,594,357,326,0
18157657,241,512,512,87,334,361,104,365,392,0
18185016,710,512,512,517,313,331,566,359,374,0
18223079,213,512,512,41,255,352,68,307,412,0
18346562,265,512,512,184,134,166,204,180,207,0
18356253,730,512,512,203,304,117,276,361,172,0
18373364,630,512,512,279,361,164,308,399,199,0 184,347,158,228,382,194,0
18447286,630,512,512,88,267,170,124,312,210,0
18535200,690,512,512,150,303,167,182,338,203,0 299,121,175,359,167,219,0 325,301,147,349,329,176,0
18543068,700,512,512,32,218,286,184,312,376,0 287,169,194,317,194,218,0
18566733,197,512,512,71,195,83,107,294,174,0
18584333,345,512,512,139,302,108,163,352,162,0 76,328,174,93,364,208,0
18629245,760,512,512,118,200,303,239,292,407,0
18638814,269,512,512,41,199,167,92,290,251,0
18723861,241,512,512,134,312,109,170,379,215,0
18743799,300,512,512,91,242,114,108,284,155,0 135,183,103,164,245,160,0
18755344,750,512,512,329,310,132,392,369,178,0
18757998,212,512,512,82,251,141,119,311,206,0
18800625,690,512,512,216,200,123,252,235,156,0
18813609,189,512,512,77,162,332,123,239,410,0
18898769,580,512,512,193,242,144,239,279,187,0
18941323,232,512,512,159,310,307,200,391,380,0
18957664,316,512,512,227,357,333,253,399,385,0
18983556,245,512,512,67,323,136,93,377,183,0
19006613,205,512,512,109,145,372,141,229,449,0
19040689,265,512,512,117,201,96,132,247,138,0
19076777,325,512,512,127,265,198,161,317,255,0
19078749,233,512,512,139,308,296,190,383,395,0
19082184,264,512,512,105,236,152,137,307,213,0
19103012,221,512,512,67,263,342,98,326,408,0
19121933,392,512,512,284,286,316,311,329,354,0
19233321,293,512,512,166,195,89,177,227,125,0
19234178,650,512,512,405,144,124,438,179,158,0
19324296,201,512,512,51,282,153,129,387,239,0
19356309,620,512,512,421,364,171,497,421,225,0
19397137,800,512,512,297,132,252,330,164,289,0 332,262,293,473,346,375,0
19414860,261,512,512,59,253,219,69,284,247,0
19456388,257,512,512,136,310,413,155,343,447,0
19469906,249,512,512,99,153,141,115,189,177,0
19474296,650,512,512,175,189,344,246,236,387,0 172,189,301,338,285,366,0
19710806,205,512,512,85,157,85,118,223,169,0
19756930,172,512,512,69,148,139,94,203,195,0
19879272,257,512,512,64,334,176,111,411,229,0 138,267,168,166,324,218,0
19880759,249,512,512,119,308,183,134,347,220,0
19925248,249,512,512,33,238,140,68,293,205,0
19949384,660,512,512,220,189,209,314,224,258,0
20016431,670,512,512,421,247,95,448,280,133,0
20023445,570,512,512,137,294,289,239,350,339,0
20108116_2,205,512,512,73,129,186,105,191,232,0 93,159,168,124,212,229,0
20108116_1,580,512,512,269,289,164,341,339,218,0
20190838,317,512,512,116,288,151,131,324,187,0 132,340,147,148,372,185,0 150,276,120,165,313,157,0
20211541,281,512,512,132,185,368,165,244,435,0
20238644,257,512,512,79,198,342,90,235,376,0
20247659,560,512,512,176,277,343,298,329,399,0
20270916,299,512,512,142,183,90,167,248,148,0
20300908,720,512,512,500,298,85,522,337,122,0
20302320,201,512,512,61,282,352,82,341,409,0
20327384,213,512,512,34,267,111,43,314,151,0 147,326,76,158,365,116,0
20329769,730,512,512,327,195,377,372,246,424,0
20344435,249,512,512,97,265,364,108,297,392,0 119,303,365,130,330,400,0
20371197,203,512,512,110,152,295,123,184,330,0
20388894,265,512,512,54,283,184,81,333,230,0
20397487,253,512,512,112,135,305,132,185,360,0
20404283,217,512,512,97,305,331,117,356,383,0
20432524,690,512,512,204,280,316,285,331,367,0
20460070,750,512,512,50,163,295,375,336,425,0
20472118,790,512,512,212,289,98,261,327,146,0
20517876,281,512,512,113,245,357,126,273,387,0 180,277,367,198,306,394,0
20535725,201,512,512,102,160,80,139,261,165,0
20551338,297,512,512,116,271,297,161,322,348,0
20556110_1,550,512,512,342,321,106,389,357,158,0
20556110_2,580,512,512,244,166,192,266,199,228,0 364,176,122,384,200,148,0 476,331,152,537,358,187,0
20558258_1,750,512,512,415,330,126,532,394,192,0
20558258_2,274,512,512,218,241,340,235,288,386,0
20573106,640,512,512,123,186,178,150,220,209,0 363,305,140,399,328,177,0
20578612,245,512,512,56,134,277,94,195,362,0
20702411,213,512,512,73,163,105,91,214,165,0 63,233,157,107,345,253,0 98,275,348,120,340,405,0
20716678,241,512,512,113,207,154,127,237,177,0
20732541,420,512,512,97,360,169,129,399,204,0 79,365,104,130,405,143,0 172,371,99,208,409,151,0 246,393,157,270,440,187,0
20754386,358,512,512,234,161,80,249,199,110,0 237,290,78,253,319,111,0 248,325,360,268,374,400,0
20756226,317,512,512,53,231,184,80,277,227,0
20792668,750,512,512,523,317,335,591,356,376,0
20823596,720,512,512,89,207,162,142,248,207,0 514,263,306,547,298,344,0
20845939,740,512,512,213,294,325,322,350,388,0 422,299,305,502,321,329,0
20856976,750,512,512,317,201,102,348,229,138,0
20876847,326,512,512,127,296,345,146,328,384,0
20906630,209,512,512,26,220,216,46,256,253,0
20947364,178,512,512,79,312,351,96,375,417,0
21009723,245,512,512,30,217,161,45,247,202,0
21016430,213,512,512,116,218,63,136,283,123,0
21032889,261,512,512,87,186,412,102,230,453,0
21061141,321,512,512,171,254,191,197,304,250,0
21062933,341,512,512,87,195,149,128,256,215,0
21157979,297,512,512,114,212,98,134,262,144,0
21174068,830,512,512,23,249,304,186,322,407,0
21367831,253,512,512,73,183,298,94,216,335,0
21423719,244,512,512,164,258,400,194,300,445,0
21441716,280,512,512,215,340,150,232,368,185,0
21469491,389,512,512,186,356,328,225,400,369,0
21477631,750,512,512,448,314,305,519,367,368,0
21525975,240,512,512,79,273,126,120,371,192,0
21566118,361,512,512,150,232,169,178,283,213,0
21570565,264,512,512,113,362,135,129,408,195,0
21573104,280,512,512,118,208,71,143,248,134,0
21602007,177,512,512,55,248,185,79,293,235,0
21603092,690,512,512,52,279,159,122,321,205,0
21613068,269,512,512,36,274,368,48,307,402,0
21629294,283,512,512,87,244,397,101,275,428,0
21630605,580,512,512,254,290,366,303,320,401,0
21631117,241,512,512,87,317,146,98,350,188,0 114,227,94,122,252,126,0 134,154,120,144,189,168,0
21631277,800,512,512,493,316,118,549,363,161,0 552,310,110,593,347,156,0
21660131,275,512,512,123,197,192,138,227,222,0 183,359,161,197,387,200,0
21666385,149,512,512,59,246,162,73,283,192,0
21667632,233,512,512,108,229,377,142,304,454,0
21678302,253,512,512,62,230,120,160,354,249,0 178,273,100,197,311,140,0
21703876,720,512,512,469,338,107,500,382,142,0
21706558,277,512,512,82,271,287,120,345,378,0 106,260,291,140,358,424,0
21711408,253,512,512,147,228,103,159,268,143,0
21713599,285,512,512,172,233,93,182,262,121,0
21735313,310,512,512,112,269,120,150,310,164,0
21751185,285,512,512,72,323,144,87,351,170,0
21765091,750,512,512,371,341,332,411,377,372,0
21803583,269,512,512,45,199,200,56,225,222,0 180,232,203,195,262,245,0 164,192,125,184,226,153,0
21825344,280,512,512,69,236,151,104,295,200,0
21831677,750,512,512,54,277,178,249,314,229,0
21948065,373,512,512,112,279,135,152,359,208,0
21950471,265,512,512,7,209,84,64,291,218,0
21982000,289,512,512,141,240,106,173,312,187,0
23066683,233,512,512,153,320,310,197,382,381,0
23092424,229,512,512,132,256,324,197,369,460,0
23173822,359,512,512,207,260,360,260,319,421,0
23202413,320,512,512,190,209,96,213,258,155,0
23235871,209,512,512,24,252,124,35,315,167,0
23241481,500,512,512,180,333,91,451,414,200,0
23286254,253,512,512,174,232,126,194,291,185,0 98,361,192,117,399,231,0
23294226,229,512,512,65,271,108,85,316,153,0
23312018,780,512,512,164,287,165,325,362,228,0
23346510,321,512,512,78,241,316,108,314,390,0
23349771,277,512,512,144,135,79,192,231,148,0
23369193,217,512,512,18,221,289,55,273,345,0 71,315,337,92,348,382,0
23475444,277,512,512,71,286,153,89,320,202,0
23487605,590,512,512,261,184,283,304,222,315,0 414,345,199,470,380,241,0 437,311,293,475,347,328,0
23494904,640,512,512,47,242,315,127,301,360,0
23605349,580,512,512,269,329,317,337,393,371,0
23627902,700,512,512,225,243,116,358,332,207,0
23652239,201,512,512,10,281,304,25,313,347,0 45,310,152,59,353,194,0 140,331,272,155,369,307,0
23682026,620,512,512,223,300,99,275,357,153,0
23705742,870,512,512,573,184,78,655,255,140,0
23717572,760,512,512,387,351,280,416,375,309,0 356,359,278,390,388,310,0
23727306,740,512,512,84,276,207,161,326,261,0
23736982,900,512,512,475,149,305,654,228,376,0
23771637,640,512,512,221,285,366,254,312,391,0
23772200,225,512,512,34,210,118,91,305,224,0
23776329,305,512,512,229,322,341,256,371,401,0
23788011,201,512,512,7,230,213,26,270,246,0 49,242,140,66,286,183,0
23792783,321,512,512,87,118,150,105,157,189,0
23807979,750,512,512,324,206,309,416,259,371,0
23829163,265,512,512,126,213,74,145,266,140,0
23837644,257,512,512,83,214,134,107,271,200,0
23852240,269,512,512,204,300,276,224,331,313,0
23899747,217,512,512,40,301,116,52,336,136,0
23927387,245,512,512,172,174,96,185,208,136,0
23954461,458,512,512,147,355,362,162,383,392,0 281,364,143,296,391,173,0
23960083,245,512,512,46,120,279,123,267,420,0
23988319,245,512,512,52,148,147,99,254,229,0
24079238,760,512,512,254,345,143,287,376,171,0
24081803,610,512,512,435,304,347,462,330,371,0
24192270,300,512,512,154,279,148,200,316,186,0
24256569,620,512,512,269,267,321,311,302,360,0
24280625,217,512,512,91,184,325,123,254,388,0
24285094,269,512,512,189,345,137,205,380,179,0
24286186,770,512,512,377,252,296,564,297,354,0
24292166,800,512,512,216,288,153,275,330,205,0
24308385,249,512,512,55,137,288,71,172,310,0 122,269,133,154,310,177,0
24337898,350,512,512,105,176,306,123,204,337,0 241,247,429,258,280,474,0
24393542,700,512,512,267,266,305,471,361,409,0
24431466,217,512,512,48,287,331,68,326,377,0
24437645,650,512,512,340,264,362,376,293,398,0
24454968,297,512,512,75,242,208,86,274,243,0
24498820,257,512,512,136,133,84,149,162,124,0
24567754,730,512,512,99,267,318,131,307,351,0
24640230,320,512,512,194,176,367,214,217,412,0 178,165,125,193,211,164,0 237,315,88,254,361,152,0
24693554,181,512,512,124,341,412,136,382,456,0
24697469,201,512,512,46,249,111,70,297,159,0
24728556,280,512,512,55,178,114,143,268,237,0
24740753,329,512,512,92,186,142,107,220,183,0 108,263,320,119,286,339,0 93,239,367,104,262,396,0
24753286,289,512,512,139,172,359,161,220,394,0
24771020,600,512,512,97,242,155,119,276,191,0 102,326,162,137,362,193,0
24804828,221,512,512,31,190,291,72,272,363,0
24810192,237,512,512,95,182,375,126,237,430,0
24837227,361,512,512,238,299,98,251,331,138,0
24857452,201,512,512,115,83,94,160,185,238,0
24859849,690,512,512,388,251,152,423,285,181,0 373,298,112,411,333,143,0
24875900,281,512,512,150,144,145,163,176,176,0
24926619,680,512,512,344,309,350,399,357,402,0
24934413,245,512,512,32,234,134,52,292,189,0
24987238,233,512,512,23,223,178,51,265,218,0
24998652,218,512,512,36,196,149,53,251,202,0
25019342,221,512,512,52,207,109,70,267,165,0
25040751,377,512,512,53,261,321,75,295,366,0
25071433,213,512,512,105,172,76,124,216,117,0
25124064,800,512,512,252,254,106,329,306,148,0
25173016,233,512,512,57,283,91,70,328,156,0
25213107,273,512,512,65,295,114,85,339,156,0
25276312,221,512,512,68,264,111,119,347,198,0
25331332,700,512,512,203,276,165,323,339,244,0
25339747,181,512,512,39,287,78,65,352,139,0
25409372,650,512,512,176,237,361,209,284,399,0 288,196,143,308,218,166,0 284,316,168,354,357,217,0
25498405,240,512,512,97,369,281,119,411,323,0
25501642,229,512,512,91,303,360,111,330,388,0
25536303,540,512,512,242,188,108,297,240,171,0
25563784,237,512,512,126,161,149,137,186,186,0 104,204,97,114,238,127,0
25572015,201,512,512,24,208,326,69,304,393,0
25572501,310,512,512,166,295,123,189,352,173,0
25582547,790,512,512,227,328,314,302,382,365,0
25595707,720,512,512,335,360,172,363,390,207,0
25607996,210,512,512,85,311,320,118,373,381,0
25662834,660,512,512,200,277,132,409,370,241,0
25673297,220,512,512,78,238,372,91,263,403,0
25710003,265,512,512,58,171,271,114,277,380,0
25715946,760,512,512,314,193,314,510,256,378,0
25718985,193,512,512,9,227,316,40,298,390,0
25724135,660,512,512,271,299,201,359,346,251,0
25726431,289,512,512,172,291,288,186,334,328,0
25727173,293,512,512,115,243,68,169,325,180,0
25727510,760,512,512,107,246,97,262,317,179,0
25734864,225,512,512,90,259,131,139,352,239,0
25795214,181,512,512,142,351,310,167,399,362,0
25803295,212,512,512,137,162,163,176,212,202,0
25811045,660,512,512,108,239,117,332,362,210,0
25812315,232,512,512,109,226,81,151,291,153,0
25894062,540,512,512,259,155,279,306,187,302,0
25912489,249,512,512,190,347,97,207,383,134,0
25943378,209,512,512,120,313,91,166,392,189,0
25982366,231,512,512,140,333,337,176,385,386,0
25993900,169,512,512,137,321,144,150,356,184,0
26001939,321,512,512,131,304,93,141,350,140,0
26007896,273,512,512,39,187,192,52,213,222,0 24,244,219,42,276,257,0
26051079,225,512,512,96,186,89,164,300,195,0
26081519,230,512,512,119,252,192,169,348,261,0
26088745,333,512,512,134,261,166,199,356,256,0
26100214,830,512,512,159,238,140,196,276,176,0
26206222,201,512,512,47,274,114,90,350,206,0 134,158,94,149,195,137,0
26213342,310,512,512,94,269,133,117,314,183,0
26250401,790,512,512,403,260,277,659,361,391,0
26256945,750,512,512,253,166,118,415,248,222,0
26280360,630,512,512,399,271,411,427,304,437,0
26308254,250,512,512,59,185,277,90,245,326,0
26323256,780,512,512,178,267,109,216,308,145,0
26330765,750,512,512,247,309,336,318,361,381,0 88,280,275,192,330,341,0
26370338,270,512,512,89,312,280,103,344,309,0
26378039,770,512,512,343,304,275,388,332,306,0
26400974,330,512,512,78,181,315,126,223,365,0 174,222,354,215,260,402,0
26423241,235,512,512,160,195,186,184,234,223,0
26436134,201,512,512,61,178,95,76,222,136,0
26464355,245,512,512,120,319,330,149,370,374,0
26483368,200,512,512,105,286,281,178,355,360,0
26537665,240,512,512,118,317,351,157,363,390,0
26579512,253,512,512,30,269,334,47,311,383,0
26584464,240,512,512,145,251,130,206,366,263,0
26602638,245,512,512,143,314,162,160,367,223,0
26602706,230,512,512,172,326,326,207,375,379,0
26640507,241,512,512,69,169,141,91,216,177,0 102,238,114,117,274,149,0
26663800,810,512,512,237,174,326,320,233,377,0
26672208,720,512,512,264,320,163,314,344,194,0 207,242,162,241,263,191,0
26674127,780,512,512,62,254,172,140,301,220,0
26696535,265,512,512,86,295,143,117,352,211,0
26702450,960,512,512,452,334,78,523,385,127,0
26734140,240,512,512,3,253,315,52,328,398,0
26739743,570,512,512,352,252,353,393,294,387,0
26741215,800,512,512,325,270,177,535,363,257,0
26743409,640,512,512,278,277,344,307,311,367,0
26764258,710,512,512,88,252,324,153,331,390,0
26767866,740,512,512,257,265,168,331,301,229,0 337,338,191,417,379,241,0
26780738,215,512,512,93,313,158,108,348,195,0
26781778,240,512,512,180,299,301,197,333,330,0
26788337,170,512,512,88,212,360,119,263,424,0
26807290,253,512,512,69,302,146,89,362,209,0
26810151,600,512,512,32,218,303,149,273,358,0
26843241,237,512,512,159,286,84,174,324,115,0
26869666,209,512,512,27,205,127,47,248,164,0 131,280,183,149,331,218,0 92,232,130,108,270,174,0 96,220,395,108,268,452,0 130,264,331,142,301,371,0
26923043,221,512,512,71,309,72,90,353,116,0 72,356,292,88,399,329,0
26923719,217,512,512,49,241,123,67,280,158,0
26932608,181,512,512,105,359,360,116,391,386,0
26948777,850,512,512,238,197,302,453,295,407,0
26952390,289,512,512,131,154,144,156,214,190,0
26989617,257,512,512,117,175,123,131,215,166,0 108,279,412,128,331,473,0 130,144,198,148,188,247,0 146,330,131,171,400,191,0 146,311,376,164,352,415,0
27065433,245,512,512,89,256,116,112,302,165,0
27068017,233,512,512,71,157,293,87,203,326,0
27079426,217,512,512,37,255,359,50,297,399,0
27084888,700,512,512,96,248,326,158,330,388,0 359,299,373,394,326,400,0
27170501,630,512,512,156,323,148,196,356,185,0
27226762,361,512,512,88,233,356,104,267,389,0
27270171,229,512,512,79,268,91,98,316,134,0
27366387,650,512,512,169,269,128,251,319,179,0
27398222,550,512,512,296,324,328,409,388,391,0
27455211,173,512,512,16,196,302,69,280,402,0
27458288,600,512,512,234,244,108,415,334,230,0
27460828,680,512,512,113,259,116,213,311,183,0
27500234,260,512,512,151,195,142,178,232,176,0
27527945,233,512,512,123,311,151,137,351,175,0 101,153,160,117,184,190,0 61,237,139,75,272,170,0
27534893,257,512,512,74,139,327,201,294,449,0
27536048,334,512,512,46,191,152,81,264,215,0
27636365,570,512,512,70,211,140,151,287,197,0
27649343,273,512,512,46,196,121,61,239,165,0
27663242,260,512,512,55,269,346,89,327,407,0
27674862,373,512,512,102,413,289,122,460,331,0 89,399,316,107,442,357,0
27675994,700,512,512,57,225,290,179,371,335,0
27681436,320,512,512,159,180,98,176,211,135,0
27686394,257,512,512,47,248,160,77,293,196,0
27686440,225,512,512,87,253,274,188,368,423,0
27694756,276,512,512,155,307,62,170,352,114,0
27697571,770,512,512,61,135,289,436,260,400,0
27705336,255,512,512,104,144,355,124,186,398,0
27713730,300,512,512,105,177,334,176,277,440,0
27730530,229,512,512,96,320,295,126,377,358,0 140,271,87,165,316,127,0
27735626,690,512,512,235,279,338,305,328,384,0
27746019,580,512,512,249,332,136,325,389,184,0
27753424,700,512,512,257,252,131,415,320,211,0 207,329,134,418,420,249,0
27769237,253,512,512,94,172,133,108,212,170,0
27776824,680,512,512,281,209,116,349,250,156,0
27781033,700,512,512,144,222,116,229,283,173,0 555,330,78,599,372,114,0
27781217,710,512,512,114,172,280,202,234,354,0
27790582,277,512,512,61,254,114,91,306,178,0
27792525,627,512,512,542,280,385,597,315,414,0
27803488,225,512,512,121,326,150,138,370,199,0
27824632,290,512,512,171,161,190,184,189,225,0
27898484,245,512,512,46,140,206,74,192,253,0
27938274,311,512,512,93,264,351,115,300,381,0
27957499,325,512,512,124,263,180,149,308,218,0
27967834,287,512,512,48,274,185,71,319,232,0 40,258,163,64,298,207,0
27987426,760,512,512,438,299,118,537,351,174,0
28017673,173,512,512,35,265,298,68,321,361,0 106,196,351,122,227,379,0 106,265,331,135,311,417,0
28017935,229,512,512,149,286,358,201,406,473,0
28063587,225,512,512,75,212,362,101,262,423,0
28065438,269,512,512,99,295,81,151,401,176,0 156,351,292,206,412,362,0
28068191,189,512,512,135,306,351,154,370,394,0
28080638,225,512,512,63,247,132,82,284,167,0
28095695,660,512,512,234,204,140,293,255,191,0
28196546,775,512,512,589,360,153,642,410,203,0
28213803,245,512,512,14,185,115,67,293,242,0
28223936,197,512,512,36,236,127,78,321,214,0
28238641,800,512,512,447,244,92,487,282,135,0
28342283,241,512,512,14,249,312,58,324,394,0
28345207,173,512,512,75,270,155,142,370,247,0
28349297,237,512,512,110,299,361,125,331,398,0
28368534,233,512,512,105,190,136,120,220,164,0
28376224,760,512,512,583,283,290,616,309,317,0 608,289,397,641,330,431,0
28424645,233,512,512,70,293,357,86,334,388,0 126,243,410,138,272,441,0 86,253,379,98,274,407,0
28434317,560,512,512,106,288,136,168,352,188,0
28469926,221,512,512,86,179,120,102,205,158,0
28483454,730,512,512,471,359,313,522,405,352,0
28500555,269,512,512,56,255,162,118,344,252,0
28533590,217,512,512,89,211,134,112,252,177,0
28542539,297,512,512,67,276,113,97,331,168,0
28555242,570,512,512,242,321,332,289,352,360,0
28563550,241,512,512,111,312,64,133,373,118,0 146,276,51,168,336,102,0
28571446,540,512,512,309,191,142,375,227,179,0
28591972,850,512,512,295,303,163,386,354,207,0
28648583,295,512,512,129,228,98,169,298,171,0
28669710,760,512,512,543,304,391,575,341,422,0
28694184,237,512,512,34,214,183,49,240,218,0
28719691,201,512,512,17,202,98,105,331,234,0
28730621,210,512,512,18,299,337,44,351,385,0
28753759,265,512,512,96,151,396,119,203,463,0
28761291,419,512,512,171,182,195,189,207,244,0
28784470,382,512,512,104,267,132,127,309,167,0
28858847,790,512,512,351,234,131,389,265,163,0
28884211,720,512,512,260,257,80,315,295,113,0 360,160,170,424,194,207,0 463,310,169,522,359,208,0
28912463,370,512,512,192,254,135,273,354,230,0
28950337,329,512,512,230,293,66,246,329,108,0 226,386,117,242,426,156,0 206,395,188,220,430,216,0
28994586,197,512,512,18,302,176,32,335,202,0 46,273,110,62,316,143,0 49,160,171,63,195,193,0 87,293,108,111,352,154,0
28995390,600,512,512,135,316,281,200,348,315,0
29032056,760,512,512,217,243,177,296,295,233,0
29057088,217,512,512,77,230,362,97,273,395,0 87,199,382,103,236,419,0
29084106,225,512,512,49,277,151,76,327,193,0
29131760,389,512,512,52,336,317,78,367,354,0
29214410,269,512,512,69,256,346,86,289,376,0 132,338,313,152,369,342,0
29268111,850,512,512,203,280,315,380,350,409,0
29271778,289,512,512,111,290,277,139,358,326,0
29277620,462,512,512,153,240,105,180,278,150,0
29291886,500,512,512,144,319,126,185,356,160,0 192,343,305,288,400,366,0
29332180,201,512,512,33,334,141,50,364,179,0
29332603,277,512,512,113,336,147,136,395,205,0
29362290,358,512,512,309,348,113,329,379,142,0
29377713,740,512,512,256,155,333,326,224,383,0
29428353,217,512,512,34,295,135,62,342,182,0
29445482,650,512,512,446,187,380,487,232,415,0
29449641,269,512,512,29,284,306,115,378,400,0
29500260,700,512,512,70,309,340,116,342,372,0
29517265,810,512,512,447,250,387,478,286,414,0
29556798,660,512,512,159,170,162,260,229,214,0 210,275,93,244,302,131,0
29558459,245,512,512,126,288,69,175,368,153,0
29563905,333,512,512,58,225,196,72,263,234,0
29590714,560,512,512,139,319,149,223,353,192,0 15,221,167,194,297,247,0
29632049,249,512,512,47,230,140,109,320,224,0
29692011,920,512,512,427,270,114,590,346,191,0
29694715,275,512,512,106,186,403,119,236,453,0
29713070,250,512,512,155,235,397,200,278,455,0
29720355,301,512,512,114,312,131,124,328,159,0
29722974,213,512,512,42,243,102,164,361,237,0
29738426,223,512,512,66,287,316,112,351,404,0
29745263,217,512,512,109,267,305,174,360,424,0
29799369,370,512,512,179,326,110,201,382,164,0
29824730,800,512,512,262,200,167,332,248,213,0
29829429,650,512,512,9,284,161,217,315,199,0
29841661,700,512,512,252,195,185,370,259,243,0 379,250,110,503,301,180,0
29843354,253,512,512,63,272,114,77,299,147,0 95,284,85,110,317,118,0
29855291,237,512,512,80,199,130,113,271,202,0
29882089,217,512,512,71,215,339,115,274,395,0
29911258,181,512,512,41,248,121,68,305,179,0
29937992,233,512,512,44,302,185,62,331,211,0 47,282,135,64,306,163,0 62,326,156,79,368,194,0 69,326,172,84,364,217,0 145,337,195,166,375,235,0
29940752,745,512,512,160,276,321,200,310,350,0 316,260,372,350,284,401,0 445,297,355,477,320,386,0
29950300,780,512,512,217,184,155,267,220,202,0
29961447,181,512,512,137,293,434,165,343,487,0
30027446,297,512,512,163,345,166,191,392,217,0
30052921,360,512,512,239,244,348,293,311,398,0
31016384,177,512,512,50,174,109,90,235,188,0
31041209,357,512,512,27,208,314,128,316,434,0
31047302,287,512,512,128,324,361,150,380,422,0
31049029,497,512,512,81,294,365,121,329,411,0
34014986,340,512,512,120,310,128,154,371,177,0
34025592,217,512,512,59,335,158,76,379,206,0
34032434,253,512,512,25,230,116,111,372,254,0
36036952,281,512,512,72,219,131,81,243,169,0 117,271,173,126,300,197,0
36045101,320,512,512,206,192,159,226,213,188,0
37031762,229,512,512,98,269,82,125,315,143,0
38030184,253,512,512,16,240,95,111,383,256,0
38044725,340,512,512,275,358,170,292,394,220,0 194,199,196,209,222,221,0 171,211,197,184,238,221,0
38047248,217,512,512,29,217,132,79,335,218,0
38055219,299,512,512,64,272,132,84,328,195,0
39038631,340,512,512,74,231,320,139,303,391,0
39048192,390,512,512,78,216,173,114,254,202,0 126,203,347,164,252,399,0
21567793,411,512,512,65,237,183,127,285,233,0